CS302-Midi-Note-File
NOTE 31 99 0.11875 0.32083333
NOTE 43 101 0.73125 1.6958333
DAMPER 0.73333333 1.3625
NOTE 55 100 0.75 1.11875
NOTE 48 108 0.84166667 0.95416667
NOTE 24 99 0.91458333 1.2854167
NOTE 60 104 1.1979167 1.3604167
NOTE 36 107 1.4041667 1.50625
NOTE 40 94 1.9583333 2.1416667
NOTE 55 99 2.0020833 2.3208333
NOTE 43 91 2.15 2.74375
NOTE 31 98 2.1895833 2.7375
NOTE 64 98 2.3604167 2.5583333
NOTE 67 98 2.4458333 2.7625
DAMPER 2.5541667 2.7854167
NOTE 51 88 2.9354167 3.6
NOTE 39 87 3.08125 3.78125
NOTE 31 86 3.1541667 4.05625
NOTE 34 89 3.3791667 3.95625
NOTE 55 85 3.71875 4.3875
NOTE 43 86 3.7395833 4.2229167
NOTE 58 81 3.8229167 4.225
NOTE 31 89 4.43125 4.7958333
NOTE 43 89 5.0041667 5.6208333
NOTE 55 85 5.20625 5.45
