CS302-Midi-Note-File
NOTE 43 100 0.30208333 1.3395833
NOTE 55 101 0.48958333 1.0645833
NOTE 31 100 0.63541667 1.3541667
NOTE 36 107 0.69791667 1.9083333
NOTE 48 106 0.81458333 1.6520833
NOTE 60 106 0.93125 1.9270833
NOTE 24 100 1.18125 1.3645833
DAMPER 1.2625 1.4770833
NOTE 67 100 1.7020833 2.775
NOTE 31 96 1.7041667 2.2104167
NOTE 40 93 1.8416667 2.0479167
NOTE 55 99 1.85625 2.2625
NOTE 64 100 1.89375 2.1166667
NOTE 43 90 2.15625 2.9854167
DAMPER 2.4645833 2.9104167
NOTE 31 87 3.1645833 3.2145833
NOTE 43 88 3.2854167 3.3541667
