CS302-Midi-Note-File
NOTE 55 99 0.10208333 0.25416667
NOTE 43 99 0.17083333 0.54583333
NOTE 31 101 0.21458333 1.05625
NOTE 48 106 0.70416667 1.54375
NOTE 24 100 0.71458333 1.9145833
NOTE 60 107 0.925 1.7270833
NOTE 36 107 1.0416667 1.21875
DAMPER 1.0708333 1.9
NOTE 64 100 1.5895833 2.39375
NOTE 67 99 1.7270833 2.13125
NOTE 40 94 1.74375 1.79375
DAMPER 1.9229167 2.7854167
NOTE 55 98 2.1791667 2.725
NOTE 43 93 2.225 2.3479167
NOTE 31 98 2.4854167 2.6041667
NOTE 39 85 2.96875 3.675
NOTE 51 89 3.0333333 3.09375
NOTE 27 93 3.40625 4.84375
NOTE 34 86 3.41875 3.75
NOTE 31 87 3.48125 3.81875
DAMPER 3.5625 3.8625
NOTE 43 86 3.5645833 4.0375
NOTE 55 86 3.5770833 4.3375
NOTE 51 97 3.6416667 4.1458333
NOTE 63 92 3.7229167 4.8166667
NOTE 58 84 4.125 4.4395833
NOTE 43 91 4.21875 4.8625
NOTE 67 89 4.3395833 5.1958333
NOTE 31 89 4.3791667 5.39375
NOTE 39 100 4.6166667 5.5333333
NOTE 34 92 4.7833333 5.5333333
NOTE 55 84 4.7958333 4.93125
NOTE 46 91 4.8666667 5.3791667
DAMPER 4.95625 5.0583333
NOTE 70 94 5.0875 5.7
NOTE 58 90 5.16875 5.7625
NOTE 43 87 5.3666667 5.5770833
